1 67
1 29
1 20
2 67
2 92
3 15
3 25
3 95
4 40
4 25
4 91
4 60
5 93
5 30
5 59
6 27
7 41
7 75
7 74
8 97
8 92
9 73
9 43
9 6
9 70
10 73
10 41
10 67
11 1
11 33
11 87
11 12
12 41
12 49
14 67
14 47
15 21
15 89
15 66
17 42
17 19
17 86
17 54
17 90
16 73
16 24
16 22
19 85
19 48
21 20
20 69
23 93
22 43
22 6
22 76
22 11
22 24
25 100
25 69
25 89
25 45
24 61
24 37
24 51
27 1
27 45
27 56
26 41
26 19
26 86
29 36
29 32
28 71
28 13
28 79
31 78
31 67
31 98
30 92
34 51
35 92
35 27
32 5
32 58
33 67
33 38
33 63
38 36
38 78
38 75
39 6
39 84
39 7
39 47
36 29
37 56
42 40
42 30
42 90
42 74
43 49
40 47
41 42
41 91
46 51
47 78
47 34
47 20
47 66
44 58
45 99
51 35
51 9
51 22
50 39
50 98
50 82
49 48
49 21
49 68
49 44
48 61
48 35
48 62
54 71
54 4
54 91
53 5
53 29
52 35
52 85
52 90
52 92
59 12
59 68
59 53
58 5
58 46
57 85
57 42
57 95
56 72
56 1
56 99
56 87
56 89
56 54
63 31
63 50
62 46
62 45
62 68
62 95
61 78
61 75
61 34
61 22
61 95
60 64
60 25
60 88
60 24
68 58
69 8
70 46
71 48
71 80
64 93
64 84
64 89
64 62
65 43
65 81
65 11
67 2
79 85
79 6
79 70
79 33
79 16
79 95
72 70
72 91
72 53
74 2
74 34
74 56
75 100
75 29
85 57
84 78
84 53
87 32
86 41
86 71
86 21
86 30
86 7
86 58
86 3
80 38
80 89
80 47
83 24
83 47
82 34
93 78
93 38
93 4
93 34
92 71
95 69
95 57
95 87
95 24
94 11
94 12
94 22
94 27
89 39
89 92
89 3
88 21
88 45
88 16
91 10
91 75
91 50
90 19
90 86
90 83
100 1
100 50
100 66
98 59
99 15
99 68
99 63
96 83
96 68
97 61
97 72
97 64
97 17
97 11
S 1
G 5