2 12
3 44
3 22
4 14
4 5
4 35
4 26
5 38
5 29
5 19
5 4
6 10
7 17
8 10
8 16
8 37
9 25
9 32
9 22
9 48
10 6
10 8
11 50
11 42
12 23
12 2
12 45
13 22
14 22
14 4
15 48
15 37
17 31
17 16
17 7
16 17
16 8
19 27
19 5
23 43
23 34
23 12
22 14
22 13
22 3
22 9
25 9
27 19
27 34
26 4
26 45
29 5
29 48
28 38
28 42
31 17
31 45
34 27
34 23
35 38
35 4
32 9
32 41
33 50
33 37
38 43
38 5
38 35
38 28
38 48
36 45
37 33
37 15
37 46
37 8
42 11
42 28
42 41
42 46
43 38
43 23
41 32
41 42
46 37
46 42
44 3
45 31
45 36
45 12
45 26
50 11
50 33
48 38
48 29
48 9
48 15
S 2
G 23
G 34