1 82
2 47
2 51
3 41
3 34
3 50
4 98
5 8
5 37
5 62
7 68
8 43
8 64
8 22
8 5
9 82
9 22
11 81
11 16
11 56
12 41
12 24
12 79
13 44
14 67
14 52
15 81
15 87
15 63
15 54
17 70
16 11
19 41
19 25
19 22
18 22
21 35
21 92
20 70
23 78
23 64
23 36
22 77
22 19
22 9
22 25
22 18
22 8
25 19
25 34
25 22
25 48
24 12
27 82
27 49
27 66
26 34
28 76
28 84
28 32
30 84
30 81
34 83
34 25
34 50
34 3
34 26
34 70
35 76
35 74
35 21
32 28
32 56
38 51
38 46
39 67
36 23
36 88
36 46
37 75
37 66
37 5
43 8
40 87
40 79
40 92
41 19
41 12
41 3
46 38
46 79
46 36
47 2
47 86
47 60
44 13
44 71
44 81
45 67
45 74
51 2
51 38
51 54
50 34
50 3
50 64
49 27
48 25
54 15
54 51
53 97
53 85
53 100
52 89
52 14
59 80
59 61
56 32
56 11
63 72
63 15
63 94
63 71
62 88
62 5
61 59
60 47
60 74
68 7
70 20
70 34
70 17
71 44
71 63
64 50
64 23
64 8
66 37
66 27
67 39
67 45
67 14
76 96
76 35
76 28
76 73
77 22
78 23
78 73
79 40
79 12
79 46
79 95
72 63
73 76
73 89
73 78
74 96
74 35
74 45
74 60
74 87
75 37
85 53
84 28
84 30
87 15
87 40
87 74
86 47
81 15
81 44
81 30
81 11
80 59
83 34
83 90
82 9
82 27
82 1
92 40
92 21
95 79
94 63
89 52
89 73
88 36
88 62
90 97
90 83
100 53
98 4
96 76
96 74
97 53
97 90
S 45
G 3
G 6